gene	regulation	log2FoldChange	TES_1	TES_2	TES_3	TEAD1_1	TEAD1_2	TEAD1_3	TES_1_zscore	TES_2_zscore	TES_3_zscore	TEAD1_1_zscore	TEAD1_2_zscore	TEAD1_3_zscore
LHFPL6	DOWN	-0.990423068889094	0.385649082884192	0.594869648118814	0.442560413175573	0.421974138975143	0.356794247229894	0.13401682506005	-0.0244215272505236	1.37098640930526	0.355151684778054	0.217850409584676	-0.216870422677549	-1.70269655373992
CDKN1A	DOWN	-0.672976850823143	0.409253873080015	0.580275105535984	0.461678847947468	0.474025115738312	0.612116197268168	0.306548431644837	-0.577779660022539	0.948777291091108	-0.109827765122744	0.000376568256012815	1.23299486581434	-1.49454130001617
CDKN1B	UP	0.584717730553298	0.0111837456623713	0.0122593447566032	0.0298987371909122	0.00590528160333633	0	0.0422575419147809	-0.359385758364651	-0.291967642159565	0.813662341447442	-0.690237750733155	-1.06037841326484	1.58830722307477
STUB1	UP	0.586113393056822	0.0864955823123455	0.133685201605161	0.146928104801724	0.276957590073347	0.141290530363719	0.151282082508008	-1.09300985261983	-0.352052697881924	-0.144116630161008	1.89756708932526	-0.232636121901087	-0.0757517867614096
NDRG1	DOWN	-2.565119434629	0.130897454207142	0.111501599649588	0.120660638838386	0.114899796108405	0.0556599164009094	0.0760635754466057	1.00333769086695	0.338782243132128	0.652596175427336	0.455213821976907	-1.57450776961128	-0.875422161792037
YAP1	DOWN	-0.406817339195767	0.423078913427889	0.370115262965361	0.404530808946739	0.772747597694397	0.670773401111364	0.580739568074544	-0.696487833062301	-1.02030249271424	-0.809889158071077	1.44135283686675	0.817892416909925	0.267434230070939
DDX17	DOWN	-2.08140050100883	0.0579413497199615	0.0659669182697932	0.106273711373409	0.345037088294824	0.470968645811081	0.246301174064477	-0.934077927412061	-0.886473040813749	-0.647387136441345	0.768874329845964	1.51585661247015	0.183207162351037
CENPA	DOWN	-2.0846206531223	0.0972034377604723	0.159371389547984	0.10413246314538	0.288515020012856	0.296567431131999	0.0990033839146296	-0.813125508805292	-0.156019452310894	-0.739886735207139	1.20900962289806	1.29412241757171	-0.794100344146446
CENPF	DOWN	-1.3072480204946	0.450086512366931	0.228257134358088	0.440537700969726	0.805142285346985	0.904830748240153	0.437063847680887	-0.367333219104183	-1.23205293610077	-0.404555725713364	1.01672028311984	1.40531885466418	-0.418097256865712
UBE2C	DOWN	-3.79249625977249	0.310587086572001	0.276126958032449	0.310433687344193	0.671514902114868	0.331105239391327	0.474492125411828	-0.560633894567715	-0.787594125782604	-0.561644207810497	1.81649770473763	-0.425497872000893	0.518872395424079
FSTL1	DOWN	-1.99637869073096	0.188101148928205	0.357272171874841	0.18748378851451	0.364439871708552	0.179824406703313	0.236642275949319	-0.742075876029474	1.21356003320666	-0.749212631325588	1.29641944338976	-0.837755940053178	-0.180935029188182
FRMD6	DOWN	-1.29859750834508	0.0246280406291286	0.0140106679002444	0.0389769033559908	0.0219339030981064	0	0.0241471668084462	0.310252560666538	-0.510815987947028	1.41988676059899	0.101908024890386	-1.59429671822834	0.273065360019451
WTIP	DOWN	-1.22020832974623	0.0360854079561929	0.13117492472132	0.053778254079322	0.966525501320759	0.375347514152527	0.174704817821582	-0.717766677384002	-0.448546080719454	-0.667674104069867	1.91652620386966	0.24276346056433	-0.325302802260664
CREB1	DOWN	-0.370826265198885	0.575844220506648	0.568599594632785	0.791674826716383	0.817965583483378	0.636521366834641	0.439478678405285	-0.433182584724902	-0.483391979988754	1.06264679361703	1.24485675466721	-0.0126553033292131	-1.37827368024138
CCN2	DOWN	-7.80301925281702	1.39141334316631	1.61005915313959	1.11452198158018	3.93426657895247	3.12038156848152	2.79576042097807	-0.834675836494738	-0.639765680465827	-1.0815085496229	1.43213147623753	0.706599830330983	0.417218760014955
CTNNB1	DOWN	-0.64574014796404	0	0.00467022657394409	0	0.0236211264133453	0	0	-0.499046127318655	-0.00476255880754696	-0.499046127318655	2.00094706808217	-0.499046127318655	-0.499046127318655
AMOT	DOWN	-2.34036490108262	0.946883095835646	1.103340091904	1.04010070873673	1.43498288621505	1.19597474296888	0.980375409821669	-0.947540323668287	-0.0757918178192085	-0.428149584951618	1.77205850323612	0.440350768865575	-0.760927545662582
DAB2	DOWN	-4.75916780426494	0.0141581436867515	0.012259343067805	0.0107556514317791	0	0	0.0398428252339363	0.0905793325546951	-0.0395058475675292	-0.142522454666191	-0.87938278632707	-0.87938278632707	1.85021454233316
JAG1	UP	1.06960210802111	1.26780915145824	1.96639731738965	1.36226714657185	1.96325187365214	1.17028588334719	0.787439517815908	-0.326147550022236	1.17512957018661	-0.123155810682093	1.16836996138372	-0.535726609965099	-1.3584695609009
DUSP1	UP	0.925820145327309	0.245328655056655	0.424406393269698	0.424453433100134	0.574498994350433	0.738564480145772	0.361000242332617	-1.25105471622518	-0.214075039032453	-0.213802647005014	0.655061340345728	1.60511005212986	-0.581238990212947
DUT	DOWN	-1.52967467758552	0.355857451967895	0.525983784695466	0.404372974497577	0.57871737152338	0.496657776435216	0.361000433166822	-1.05211029661542	0.776060598020253	-0.530764395573549	1.34273365246688	0.460924464197356	-0.996844022495515
ECT2	DOWN	-2.38348780336171	1.63618264369418	1.76943098862966	1.5213122285263	3.74141644914945	2.91529616502921	2.52941605836153	-0.819031808043037	-0.666607670070425	-0.950433245104031	1.58916656907531	0.644159167822468	0.202746986319713
EGFR	DOWN	-1.63433405422435	0.54496988027667	0.817288913528124	0.722720289782931	0.962560339172681	0.909112319548925	0.362207650740941	-0.762741630040118	0.425253343981769	0.0126966145896041	1.05900164087503	0.825834028878494	-1.56004399828478
CENPV	DOWN	-0.906234035366729	0.017656041448315	0.0323413190245628	0.0111503524767856	0	0.0199804973602295	0.0550555403232574	-0.264134822149179	0.505295960218849	-0.604998474825596	-1.18921790039293	-0.142345641005125	1.69540087815398
EMP2	DOWN	-2.20170279455352	0.07516904686143	0.148279567460219	0.0782695418708026	0.175892757376035	0.0742132353782654	0.136431533694267	-0.889794485950492	0.755449666799037	-0.820022430670067	1.37684367241785	-0.911303609957927	0.488827187361597
ERBB4	UP	3.96346698799034	0.041760586425662	0.0443087746202946	0.0523968095891178	0.0236211264133453	0.0585142934322357	0.0301839585105578	-0.00281611559233963	0.191103040617715	0.806608959629241	-1.3832435059648	1.27215436458986	-0.883806743279681
ETS1	DOWN	-2.52250066304808	0.0438783614958326	0.0556924380461375	0.0317735699862242	0.0136665088534355	0.0256892108917236	0.149953905880451	-0.193356367875873	0.0454907516371906	-0.438080919309523	-0.804154338251599	-0.561089403097201	1.95119027689701
ETV5	UP	0.312573400271908	0.0322900818921626	0.00350266993045807	0.0278265478337804	0.0497730877995491	0	0.0410501835743586	0.326156705592254	-1.10738594056264	0.103883635898888	1.19676760262451	-1.28181032881246	0.762388325259453
F3	DOWN	-0.951172511934378	0.385363424904644	0.507303051054478	0.413618868089591	0.465673235654831	0.396755260626475	0.288679436912139	-0.322951003937672	1.30420077308434	0.0540871750414735	0.748696133260361	-0.170939337807558	-1.61309373964094
FAT1	DOWN	-1.85340745148586	0.484113608156641	0.651963135679563	0.468985684549436	0.810203702708085	0.820626898209254	0.333230976164341	-0.557671059110599	0.287592547569639	-0.633852883739586	1.08446695277992	1.1369565126403	-1.31749207013967
FGF2	DOWN	-1.20606297814764	0.252824120397369	0.319326630036036	0.20869905814218	0.357690694133441	0.236911400556564	0.164200824995836	-0.0531127529152761	0.880161101719997	-0.672349036788951	1.41854947494376	-0.276426511512502	-1.29682227544702
FOXF2	DOWN	-0.721500608929209	0.0364066699768106	0.0846477874120077	0.0377927932639917	0.0447113719582558	0.0585142596562703	0.0688194254040718	-0.97970513289481	1.54200809969692	-0.907248157991949	-0.545592533669205	0.175927331678392	0.714610393180652
FBXW11	UP	0.390845186373475	0.376999512551973	0.718630559245745	0.45891103309455	0.55256549179554	0.474536491086086	0.164200816750526	-0.437307789127528	1.41531881136225	0.00688914002267318	0.514766697179974	0.091624234798478	-1.59129109423584
DDAH1	DOWN	-1.4102552100202	0.842529014915228	1.28880637230476	0.796263302349175	7.14429086042444	5.0308015747865	3.16195214502017	-0.847347953218492	-0.675583804247777	-0.865154796012212	1.57808713213189	0.764643020537704	0.0453564008088915
POLA2	DOWN	-1.75715023438011	0.10124863644441	0.0858154065410296	0.092991987231498	0.22440058807532	0.141576047499975	0.13377532885472	-0.558775563308057	-0.859050741207787	-0.719420277783524	1.83731873556398	0.225850895622174	0.0740769511132148
WWTR1	DOWN	-0.484134027033072	0.359545642758409	0.079393804470698	0.246985243801028	0.823365029990673	0.38248362104098	0.621789837280909	-0.223035866264837	-1.27528027451989	-0.64581035569091	1.51905999017647	-0.136881302610953	0.761947808910126
GAS6	UP	2.3820999885627	0.0804753878861666	0.100409800410271	0.0795326047639052	0.0906038461327553	0.0756404542922974	0.0434649002552032	0.109756070675585	1.14136256337892	0.0609670136135866	0.633904112441123	-0.140451899145141	-1.80553786096408
PHGDH	DOWN	-1.0701559123936	1.61057894960046	2.46646115889152	1.88702429012085	2.78391706158717	2.2649310819308	1.84363719364007	-1.20894756198323	0.735353227410187	-0.580948886507612	1.45651526993006	0.277538958732011	-0.679511007581419
MYOF	DOWN	-0.75883369840593	0.223794040394326	0.141624577144782	0.21895147457098	0.482545688947042	0.687899478673935	0.577117550373077	-0.735983670270705	-1.10280921519186	-0.757602125311245	0.419150009881747	1.33590196175251	0.841343039139561
LATS2	DOWN	-3.714509092708	0.147173458792269	0.242501398225625	0.208955628840874	1.84194065711896	1.3401202360789	0.876542201340199	-0.895669678867953	-0.75993361746581	-0.80769894880578	1.51748459533338	0.802949823177083	0.142867826629078
ANKRD1	DOWN	-3.09050958730251	0.149433920967082	0.104671410868565	0.0739080920008322	0.83348799298207	0.358221522569656	0.441893345415592	-0.615584694782199	-0.770822925782473	-0.87751138427628	1.75674303693853	0.108499317848886	0.398676650053538
GLS	DOWN	-0.646040683909155	0.906954586828748	1.06130833784739	0.855370076932013	0.942313337127368	0.673627693255742	0.495016829272111	0.413408638068173	1.16836696459813	0.16110407786475	0.586351522691767	-0.727814558283137	-1.60141664493969
GSK3B	DOWN	-0.405839224956389	2.14003434200212	2.32693821907043	2.23922753498331	1.94283642361561	1.48954519446691	1.16630801906188	0.555206513785542	0.960739557609484	0.770430072051126	0.127338064326903	-0.856186594330581	-1.55752761344248
PSMC3IP	DOWN	-0.673899810772873	0.0952998026584586	0.116171830296516	0.100649194521829	0.242960106432438	0.099902427593867	0.211287882725398	-0.752127575907433	-0.432265489460179	-0.67014859081248	1.5107542901773	-0.681592731832702	1.0253800978355
MDFIC	DOWN	-0.81422577730727	0.172991177216172	0.166376727322737	0.150283033590143	0.248865227202574	0.141290623346965	0.212495133876801	-0.22116055662947	-0.382638898053544	-0.775533698557782	1.63115005820975	-0.99506510553307	0.743248200564117
SCHIP1	DOWN	-1.28014067286966	0.0224864601840576	0.0204322311282158	0.0225967309686045	0.0295264080166817	0.0670773839950562	0.0793234429657459	-0.682707892808725	-0.761700782143104	-0.678467563398643	-0.411995228862686	1.03198205372043	1.50288941349273
UBQLN2	DOWN	-1.42350806360421	0.167113792906205	0.312321080962817	0.178010913189501	0.138352133433024	0.124164390961329	0.0929666416843732	-0.02228677810764	1.87277908044728	0.119928952809316	-0.397648370714189	-0.582809230943163	-0.989963653491609
HEXB	UP	1.65626191720962	1.15429401258752	2.05945139269034	1.23116657417019	1.78727459679047	1.39078468799591	1.11680716047684	-0.788673321202467	1.57252126636037	-0.588143468238685	0.862520562100563	-0.171763472088776	-0.886461566931002
HMMR	DOWN	-2.79852045968716	1.13826771551619	1.25103589832783	1.20508660471626	1.9909224353234	1.39863426844279	1.18659206714233	-0.696606058055538	-0.345111909922414	-0.488334115092605	1.96108635941413	0.114946610804608	-0.545980887148182
CCDC85C	DOWN	-0.925491813807434	0.289111845468481	0.30765105754137	0.422085205065087	0.638191740910212	0.525201383034388	0.313913302024206	-0.899249024932309	-0.767889362681201	0.0429342532097355	1.57415798846144	0.773564349969926	-0.723518204027591
AGFG2	DOWN	-0.375523258048591	0.67614091001451	0.73439229041338	0.87841139263163	1.4155794809262	0.857733922799428	0.911555490891139	-0.899260760905878	-0.677449768809911	-0.129050405137139	1.91639102081787	-0.207786566685752	-0.00284351927919457
BIRC5	DOWN	-3.49391587625654	0.0855437842446069	0.113544813245535	0.0923604226857424	0.152693585952123	0.216930963993073	0.108662283619245	-0.866295779292298	-0.298817115672787	-0.728147396501624	0.494585627388632	1.79644283570377	-0.397768171625691
IGFBP3	DOWN	-3.6914073879696	0.347648122901718	0.448341555297375	0.314735934721927	0.705765128195286	0.401036829551061	0.278899952173233	-0.443602396525703	0.209215551648843	-0.656979442538412	1.87814990687719	-0.0974715208438823	-0.889312098618037
CCN1	DOWN	-7.58217516754692	1.52795012184729	1.66493441700935	1.37805515350774	8.62381577938795	6.38091185530027	3.96255169391632	-0.794378751485307	-0.748945144498205	-0.844094443877828	1.55910834816042	0.815203981048336	0.0131060106525857
INHBA	UP	0.868025996070038	0.300914287505051	0.349449465771516	0.32286678219835	0.468204394479593	0.15841673652331	0.2233613828818	-0.0276498268923442	0.426560606332773	0.177789866154066	1.53791384624416	-1.3611954463107	-0.753419045527952
ITGB5	UP	1.17714004946899	0.0182747105012337	0.0258030018210411	0.0120285692755133	0.037118906378746	0.039960994720459	0	-0.257255898797877	0.236423417495935	-0.666856244851856	0.978481314564237	1.1648556417229	-1.45564823013333
MARCKS	DOWN	-2.56399899197586	1.71068586927901	2.08046728354692	1.73556647521257	1.53368475357691	1.78910929290454	1.0214257149895	0.18547072958434	1.23208078229329	0.255891500566339	-0.315504008157048	0.407436302669802	-1.76537530695672
SMAD2	UP	0.26924628567178	0.571608678042889	0.446590150098006	0.699403404746205	0.46482978006204	0.355367231369019	0.269241108198961	0.67852543886406	-0.138949556180862	1.51415352772316	-0.0196837028743561	-0.735440782416059	-1.29860492511594
SMAD3	DOWN	-0.914075611738659	0.387029138989747	0.363109814623992	0.405872813623399	1.07965316681067	0.458123961687088	0.56987325489521	-0.575734455654195	-0.663496737413182	-0.506595216715617	1.96556914277404	-0.314880772424649	0.0951380394336031
SMAD5	DOWN	-0.393622409347487	0.224436510245005	0.238765116532644	0.149424600981176	0.235367458065351	0.0742131880919139	0.29580290923516	0.272861845587158	0.455262213932858	-0.682025154960875	0.412010683148475	-1.63945179781848	1.18134221011086
SMAD7	UP	0.703448771930281	0.222485280893743	0.280213355322679	0.269976702354227	0.859639833470186	0.329677929480871	0.22456865131855	-0.57739588065089	-0.342567373173238	-0.384208428447085	2.01444620128629	-0.141353453646355	-0.568921065368721
MCM3	DOWN	-0.565927897775049	0.751221247931942	0.701117166777452	0.725956750589733	0.6546421828866	0.478104671239853	0.56383638014396	1.00033992027519	0.524844451974738	0.760575938613338	0.0837896771890769	-1.59157857303865	-0.777971415013696
MCM7	DOWN	-0.805077295302772	0.449372675431271	0.714543945193291	0.530085730291903	2.16723701516787	1.8310694805781	1.39812158097823	-1.01192917997225	-0.645534993471237	-0.900405808295471	1.36168960550841	0.897197994201467	0.298982382029079
MYC	DOWN	-1.10230748717995	1.40488132828847	1.96406214922667	1.32090217448709	1.87332353591919	1.101781052351	0.866883616646131	-0.039871030424176	1.26462490611733	-0.235783445131614	1.05294355383416	-0.746964449081921	-1.29494953531377
NF2	DOWN	-1.01685496864315	0.516832030117512	0.460016982456048	0.603105612819393	0.751826080441475	0.853451739152273	0.394806359708309	-0.452230502739193	-0.774038397174551	0.0364344044895782	0.878806672309851	1.45442775504126	-1.14339993192694
SERPINE1	DOWN	-0.484841551560087	0.521329314732303	0.773330353746812	0.546367253238956	1.55308830390374	1.00901473800341	1.16510134329398	-1.0241848503134	-0.389589853914556	-0.961133719418856	1.57401511972729	0.203916155280786	0.596977148638733
ASAP1	DOWN	-0.335717035447587	0.547052006286879	0.690959481199582	0.488701113356277	0.541091878831387	0.626530707279841	0.420160851875941	-0.0556848133834443	1.43824893176189	-0.661437697736874	-0.117558149264914	0.769400287343457	-1.37296855872011
AMOTL2	DOWN	-5.97202541163863	0.677009423961242	1.11332267110546	0.78213290396519	3.14143917053938	2.52596188127995	1.49953967779875	-0.946417345427137	-0.510015343341573	-0.841272481180646	1.51851371601831	0.902911226226776	-0.123719772295732
PMP22	DOWN	-2.21013167021127	0.298796534717083	0.363693594932556	0.260957717118164	0.532824966410796	0.382483613093694	0.440686060686906	-0.827182037316751	-0.165348467710969	-1.21307008275373	1.55948804947654	0.0262760026618557	0.619836535643052
PRKAA1	DOWN	-0.780718129529102	0.436594555698335	0.603626319567362	0.463578334183743	0.62174159258604	0.362503164211909	0.258374817570051	-0.151418142579999	1.0448617349236	0.0418394179784759	1.17460314509467	-0.682059971884709	-1.42782618353203
AXL	DOWN	-1.90267608654883	0.20202133496354	0.124344702462355	0.243452736685053	1.14056228637695	0.843747516234716	0.395047831773758	-0.708527404789621	-0.898629267971686	-0.607130286919147	1.5884102686302	0.862000806645154	-0.236124115594899
PRRG2	UP	3.11779158200058	0.0337891887935499	0.0332753643393517	0.0580213058119019	0.119370983888706	0.0899122059345245	0.189555367430051	-0.888967417970895	-0.897500203251613	-0.486558677543303	0.532239913674619	0.0430350405675675	1.69775134452362
RAD18	UP	0.997584668901638	0.497260463126004	0.356688250799974	0.472182914650689	0.480858205755552	0.556599235932032	0.132809450427691	0.52976593459221	-0.387424128609816	0.366142712830002	0.42274629518176	0.91693301320419	-1.84816382719835
ARRDC3	DOWN	-1.00270942748704	0.656807333629578	0.858445267438889	0.625455840342368	1.03865398806334	0.730143834789594	0.514697050362825	-0.431744787487142	0.648893874902983	-0.599766920672976	1.61468690366316	-0.0387123008872822	-1.19335676951874
PTPN14	DOWN	-2.98887458076315	0.2855961291641	0.319618487974008	0.304853527438516	3.33234907183051	2.50498236564795	1.54203825596968	-0.836571751645545	-0.810602093194556	-0.821872357678316	1.48904987111357	0.857511332197707	0.122484999207142
CCND1	DOWN	-1.06275993885787	0.169719318964829	0.226213930944602	0.207169571450601	0.795525367558003	0.633666878938675	0.261393254250288	-0.804809508548738	-0.590907746491385	-0.663014128149143	1.56463798049954	0.951804035697688	-0.457710633007964
RRM2	DOWN	-3.9236403449446	0.322210932265967	0.180796027729909	0.359199191291506	0.776965941488743	0.865297825574875	0.332023632526398	-0.540931359372177	-1.04908053209975	-0.408020664519158	1.09314945048583	1.41055428112297	-0.505671175617713
SGK1	UP	1.68575964294532	0.123806483725707	0.199652013778687	0.11180942983677	0.177158244649569	0.295853850781918	0.181345222731431	-0.879152217038973	0.274522382016884	-1.06163754380118	-0.0676268529236915	1.73783361018832	-0.0039393784413613
SMARCA2	DOWN	-0.397754410600183	0.983039940285186	0.566848222613335	0.939688536915928	1.92259039173524	1.15672770241896	0.898274525205294	-0.207784735266979	-1.11979501670362	-0.302781641521234	1.85107332285155	0.172821168454108	-0.393533097813826
FSCN1	DOWN	-0.899296760182532	0.298272995489339	0.646533975551526	0.420604970433439	2.95095178415378	1.52636628746986	0.771502227286498	-0.802043396786326	-0.454672732311858	-0.68002415875622	1.84385392220461	0.422910322679279	-0.330023957029486
AURKA	DOWN	-2.89250604107382	0.475583058892439	0.463519698580106	0.454135055459415	0.528944394787153	0.470968646208445	0.484150861998399	-0.150958877403171	-0.609987636471073	-0.967087231812018	1.8795191290371	-0.326544126730036	0.175058743379191
TBX2	UP	0.663354651892402	0.313026080739995	0.615301906963189	0.40733327212433	0.529787639379501	0.392473564147949	0.239057151079178	-0.747411267686088	1.44311149254556	-0.0639889386098212	0.823409441584018	-0.171673793662119	-1.28344693417155
BUB1	DOWN	-2.12093304286115	0.260200662185748	0.103737385819356	0.293851230623201	0.221869622369607	0.419590181907018	0.251613568842411	0.0168132253039785	-1.50948243302649	0.345073745594778	-0.357105185516382	1.57165432018345	-0.0669536725393387
TEAD1	UP	1.57307033767246	0.448896704924603	0.650328574478626	0.501765833242486	1.37255568842093	0.92052934328715	0.726830060382684	-0.945705325919212	-0.352732174950063	-0.790069707399377	1.7733528801006	0.442682183410476	-0.127527855242427
TEAD4	DOWN	-2.3430508291308	0.142652295889954	0.165792986154556	0.167452644078682	0.956739210317532	0.709307244221369	0.294595550298691	-0.765809751198019	-0.698540082689506	-0.693715479917642	1.60072971864791	0.881448394392895	-0.324112799235642
TGFB2	DOWN	-0.848710110170639	0.721619620999942	0.807364772607883	0.645264810991163	0.964669400453568	0.65507417122523	0.679743143220743	-0.19600936005225	0.504187686693246	-0.81952464307858	1.78874120128226	-0.739421162735323	-0.537973722109354
TGM2	UP	2.15038742926106	0.48654072321703	0.271223262985547	0.478419173022111	1.6229394274354	1.54277897725503	0.973855432391167	-0.705223487742793	-1.0761076267113	-0.719212850927245	1.25222229712685	1.11414599104135	0.13417567721313
THBS1	DOWN	-5.16471413946792	1.03596044381956	1.13743256990115	1.03338110635678	3.17535288105408	2.72391144855817	1.44158623764912	-0.763280543344065	-0.656003304466392	-0.766007441969591	1.49850426796228	1.02123634953703	-0.334449327719267
TK1	DOWN	-2.98550679918379	0.557962145744513	0.352601868609587	0.660308141672984	2.13939883251985	2.0622719403108	1.48227426657081	-0.823450088876703	-1.08314093121179	-0.694027211857378	1.17637495527468	1.07884320335123	0.34540007331996
TNS1	UP	4.0277052314477	0.0737651401509841	0.0577940538525581	0.0728029147485892	0.0447114178538322	0.131300276120504	0.183518607914448	-0.382010954575545	-0.683794184708429	-0.400192779194405	-0.930998418445326	0.705149859321472	1.69184647760223
TOP2A	DOWN	-3.36581276900899	0.396368845943362	0.375369167824586	0.434123643428708	0.788776554961999	0.548036301533381	0.426197637120883	-0.6312622938904	-0.765921750127044	-0.389161416393811	1.88503383315705	0.341298189324216	-0.439986562070008
TP73	DOWN	-0.880171273143814	0.0616295803959171	0.0969071676333745	0.0982809529888133	0.21258992622296	0.16555269241333	0.0760635754466057	-0.976047722017589	-0.370632853863151	-0.347056692765819	1.61465206848245	0.807424507438532	-0.72833930727442
UBE2D1	UP	1.84089101111384	0.114597795861463	0.257329309682051	0.148802986051887	0.182051151831945	0.0956208781401316	0.0736488587657611	-0.458733350159147	1.67097106972532	0.0516440905446878	0.547741719718898	-0.741888936932395	-1.06973459289737
UCHL3	UP	1.40377705474796	0.29182451471438	0.366028819183509	0.251682211492211	0.286827891866366	0.376774863799413	0.146090556681156	0.0627997038721358	0.944313256047859	-0.414072689974118	0.00344208591255154	1.07197140241787	-1.6684537582763
YES1	DOWN	-0.518164504419608	0.253418938977023	0.302980740169684	0.239762184008335	0.341662515004476	0.369638795852661	0.346511917908986	-1.04767371022699	-0.113390094184209	-1.30511557288159	0.615795439794189	1.14317298066817	0.707210956830428
YWHAB	DOWN	-0.430120770288861	0.476546832462152	0.427967593024174	0.604842239882797	0.474953230619431	0.528055917024612	0.297131036788225	0.0803998976375152	-0.390324170881423	1.32355925649172	0.0649581831997507	0.579513636992858	-1.65810680344042
YWHAH	DOWN	-1.44367893830924	0.118631024438888	0.162873991330465	0.179392397676905	0.23621120373408	0.289716936747233	0.123150591949622	-0.992860322585678	-0.330958921794103	-0.0838336255555531	0.766209894643112	1.56668784899406	-0.925244873701836
PRRG4	DOWN	-1.50173366873233	0.0472334866474072	0.0493876341978709	0.0697637080525359	0.163660268187523	0.00713589191436768	0.0651973503828049	-0.379674926954811	-0.338429664585401	0.0517091223390289	1.84953780752775	-1.14741983597486	-0.0357225023517134
SHCBP1	DOWN	-3.34700325642433	0.26318697298939	0.297142861783504	0.211462026039759	0.399027971029282	0.164125456809998	0.271655684709549	-0.0572121826846338	0.366969397161713	-0.703367253093692	1.63973203532251	-1.29470211233221	0.04858011562631
WWC2	DOWN	-2.86446450765268	0.323008130725473	0.587397260049979	0.3451674782224	1.16165222734213	1.19454712351163	0.803617821355661	-1.07223414337381	-0.385642296212884	-1.01468855755994	1.10563981414394	1.19106453482323	0.175860648179465
BICC1	DOWN	-2.74017797919359	0.363793077647686	0.322770802229643	0.4353374155468	0.31719736546278	0.469541435241699	0.364622276524703	-0.246052724533137	-0.915215614426215	0.920991653580532	-1.00613053846551	1.47893390402263	-0.232526680178305
TET1	DOWN	-1.42543917160831	0.356047759103278	0.204672519067923	0.343154520447676	0.528606498916944	0.238338617086411	0.194626321136951	0.355656726427237	-0.837022913582585	0.25407139956181	1.71524033886903	-0.571769034177692	-0.916176517097799
NUAK2	DOWN	-1.47862589219608	0.508503784382095	0.482492396682501	0.574095166679472	1.15659102350473	0.734996349811554	0.82100406318903	-0.804161603740481	-0.906475323525975	-0.546163130678556	1.74503788326663	0.0867288454918366	0.425033329186548
USP9X	DOWN	-0.733886346365575	0.63211992615213	0.793937918643157	0.7239834430255	0.776122546692689	0.680763640006383	0.363415109018485	-0.187478076331677	0.837298717232046	0.394284179013315	0.724475789061326	0.120577587585654	-1.88915819656066
AXIN1	UP	0.968638476720946	0.259724769257009	0.275543106396993	0.341911148931831	0.551721913814545	0.258319109280904	0.280107266505559	-0.598718163931657	-0.459776075256343	0.123174861335713	1.96607058680886	-0.611064931567153	-0.419686277389422
CAVIN2	DOWN	-2.36620841150529	0.149790865095953	0.270872967640559	0.125910147906591	0.0801430349548658	0.0699317407608032	0.1062475669384	0.21810037525165	1.87120610833202	-0.107937492163656	-0.732785221242054	-0.872197641571941	-0.376386128606019
AJUBA	DOWN	-3.30499069168193	0.167994204368442	0.29013770421346	0.211728392388051	2.37561001380285	1.27946447690328	1.04448623803258	-0.842330440639206	-0.700792578951163	-0.791651988958908	1.71581814272815	0.445622875779734	0.173333990041394
UNK	UP	0.678611249983165	0.352645094382266	0.415649873713652	0.496388060882067	1.09753783851862	0.616541145245234	0.332023635307948	-0.694123698949358	-0.474527623134258	-0.193123747765446	1.90211622524952	0.225656321036229	-0.765997476436683
RUNX2	DOWN	-0.998250940967586	0.716235989990334	0.559259212017059	0.627883170513436	0.210059202810129	0.211222146749496	0.467972274343173	1.17461822534641	0.439411878317841	0.760814639262209	-1.19607883862808	-1.19063214914635	0.0118662448479699
MPDZ	DOWN	-2.3890057122927	0.440532747138292	0.803278322915236	0.498568710343291	0.671514715452989	0.495230661630631	0.473284832239151	-0.865576344263527	1.68294843066784	-0.457835768108586	0.757222962252047	-0.481287742197927	-0.635471538349845
CCNA2	DOWN	-2.64788466146263	0.150504728679856	0.155868699451288	0.156696979431435	0.307917908529441	0.264027911822001	0.169030250112216	-0.740118010901087	-0.66098712874914	-0.648768097682272	1.58208774200528	0.934609538804965	-0.466824043477748
CCNA1	UP	1.51495991724399	0.076263655560712	0.127847347756227	0.0945313319253425	0.178001946906249	0.0585142731666565	0.049501700202624	-0.438117303427559	0.62892738566886	-0.0602376632278998	1.66641028731823	-0.805275670970027	-0.991707035361601
CCNB1	DOWN	-3.20632575931806	0.41027708705763	0.322245411078135	0.4349622631073	0.349255084196726	0.259746388991674	0.201628935337067	0.908951361773531	-0.0839174193411609	1.18736410790534	0.22071226002344	-0.788815141546279	-1.44429516881487
TIMELESS	DOWN	-0.46696031584479	0.0761446358636022	0.220084209938844	0.10084652117764	0.297794873317083	0.299707382122676	0.156956633726756	-1.20002281036038	0.291894132947558	-0.943990642220175	1.09735612013594	1.1171790514571	-0.362415851960041
BTRC	UP	0.425327154546665	0.40547047427545	0.317575074930986	0.44552070663621	0.569437488714854	0.319687784115473	0.47207721889019	-0.167648884742654	-1.07963580014949	0.247905150444939	1.5336434791617	-1.0577147081847	0.523450763470205
P4HA2	DOWN	-1.97605937628974	0.441758161137501	0.558091647426287	0.578495991788184	1.16755800763766	0.840607820351918	0.622997067968051	-0.987876104750367	-0.545569344235171	-0.467990826277381	1.77165762134288	0.528573769895264	-0.298795115975228
LATS1	DOWN	-0.825417234468959	0.350206068865955	0.555172863403956	0.414339260263368	0.655485979119937	0.492376401821772	0.317535565694173	-0.886519331740389	0.707682269696097	-0.387700795491906	1.48790293948781	0.219260621474918	-1.14062570342653
CCNB2	DOWN	-1.84127683863841	0.130040834993124	0.0887342763940493	0.162321492874374	0.297794902920723	0.291857785632213	0.240264402031898	-0.820346073966395	-1.29232569130537	-0.45149877535401	1.09645608706619	1.02861702128668	0.439097432272914
AURKB	DOWN	-3.50319492491917	0.122426360795895	0.169295573333899	0.149098960602035	0.418431042432785	0.302561720212301	0.368244485855103	-1.06197794816069	-0.686560689749821	-0.848333345410176	1.30898712761902	0.380886548871964	0.906998306829709
SLIT2	DOWN	-1.66905540272956	0.463078538320959	0.872397542933623	0.510113746745512	0.31129230171442	0.189814630746841	0.268033642272154	0.111218800600157	1.7793660624589	0.302907076150963	-0.507374013634412	-1.002446663372	-0.683671262203611
KNTC1	DOWN	-0.623011695053129	0.497260246754934	0.346180297633012	0.539805450712641	1.134656932652	0.872005844116211	0.415331443647544	-0.448809235082165	-0.943937612009849	-0.309377510991255	1.64010586173596	0.779329776485459	-0.71731128013815
CDK1	DOWN	-2.8300305371471	0.50481566020598	0.556924174129963	0.479464983673145	0.284296964903673	0.201232065757116	0.470869995454947	0.631660877859193	1.00337766974841	0.450821482463014	-0.941412230480627	-1.53395681684904	0.389509017259055
GINS1	DOWN	-2.29384359145419	0.541971756305546	0.904271975557009	0.664284689156339	0.989555640717347	0.572298255761464	0.367036979099115	-0.560028220702289	0.985689730879305	-0.038192224001327	1.34954402963564	-0.430643218632756	-1.30637009717857
CDC6	DOWN	-1.52402289085875	0.419295393948754	0.304498588701089	0.470317883235713	0.730566954712073	0.364358493924141	0.403016431788603	-0.197386937199577	-0.968633093258652	0.145400465727154	1.89384717172266	-0.566472756951919	-0.306754850039664
CDC20	DOWN	-3.14653032490111	0.367755010599891	0.22183560659488	0.350051981247961	0.920379938085874	0.839180718660355	0.4587963266174	-0.556056638972949	-1.06772486459219	-0.618132534076496	1.38172962055702	1.09700353626123	-0.236819119176616
KIF14	DOWN	-1.54676235355272	0.165019786270956	0.113252911170324	0.135373165691892	0.15260921634237	0.151280791759491	0.144883058965206	1.19383517148667	-1.70990260877306	-0.469120378082548	0.497694237614622	0.423179470361777	0.0643141073925431
